model_type multinomial
class_count 2
labels 0.0 1.0
pi -0.6888458843718777 -0.6974670578484972
features_count 357
-13.148545611664547 -13.139930173758932 
-3.568574584589415 -13.139930173758932 
-4.060372873662573 -13.139930173758932 
-4.813354028231345 -13.139930173758932 
-5.945140090581452 -13.139930173758932 
-6.73837072969838 -13.139930173758932 
-7.528144745947397 -13.139930173758932 
-7.961159805823792 -13.139930173758932 
-8.626757034615506 -13.139930173758932 
-9.341883121894227 -13.139930173758932 
-10.152813338110557 -13.139930173758932 
-9.970491781316602 -5.5470598859141145 
-10.31533226760833 -5.574136891330418 
-10.58359625420301 -5.7163617294997655 
-10.663638961876547 -5.87240474593076 
-10.663638961876547 -5.975209794987075 
-10.663638961876547 -5.988444709854197 
-12.455398431104602 -6.0382542021394885 
-11.356786142436492 -5.924690195028835 
-12.049933322996438 -6.114391859120412 
-9.565026673208436 -3.4209064710887915 
-3.215256567891629 -2.962834118502382 
-4.240121472167969 -7.284858251556505 
-5.826035177667153 -7.083146160530307 
-7.108290900387133 -7.755435110969843 
-8.336361256292129 -8.757903539085051 
-9.071008167758826 -8.651293804026793 
-9.890449073643065 -7.6551332402682775 
-10.58359625420301 -7.313930066378482 
-10.845960518670502 -7.099675462481518 
-12.049933322996438 -9.114578483023783 
-12.049933322996438 -9.921054348890731 
-12.455398431104602 -9.705942969273785 
-13.148545611664547 -9.402260555475564 
-13.148545611664547 -9.35574053984067 
-12.455398431104602 -9.402260555475564 
-13.148545611664547 -9.502344014032547 
-13.148545611664547 -9.58458211226952 
-13.148545611664547 -9.208104541034606 
-13.148545611664547 -8.905823669161673 
-13.148545611664547 -8.965542903863295 
-10.750650338866176 -6.2544205037241145 
-2.864193067888488 -2.8649480326857937 
-6.813491360166488 -12.041317885090823 
-8.513816623434911 -12.041317885090823 
-9.341883121894227 -12.041317885090823 
-8.605250829394542 -12.446782993198987 
-9.277344600756656 -11.194020024703619 
-10.31533226760833 -10.742034900960562 
-9.816341101489343 -10.431879972656722 
-10.951321034328327 -10.500872844143673 
-12.455398431104602 -10.36734145151915 
-13.148545611664547 -11.194020024703619 
-13.148545611664547 -9.613569649142772 
-13.148545611664547 -9.150946127194658 
-13.148545611664547 -9.502344014032547 
-13.148545611664547 -9.807725663583728 
-13.148545611664547 -9.502344014032547 
-13.148545611664547 -9.188686455177505 
-13.148545611664547 -8.674022055104349 
-13.148545611664547 -9.333267683988613 
-13.148545611664547 -9.333267683988613 
-13.148545611664547 -7.069192445756443 
-2.8667586190930248 -2.8551677519158574 
-6.431950838143569 -10.249558415862769 
-8.804740189810863 -12.041317885090823 
-8.989662528304876 -12.446782993198987 
-11.356786142436492 -13.139930173758932 
-11.539107699230447 -13.139930173758932 
-13.148545611664547 -13.139930173758932 
-12.455398431104602 -13.139930173758932 
-13.148545611664547 -13.139930173758932 
-13.148545611664547 -13.139930173758932 
-13.148545611664547 -13.139930173758932 
-12.049933322996438 -11.753635812639041 
-13.148545611664547 -11.194020024703619 
-13.148545611664547 -13.139930173758932 
-13.148545611664547 -12.041317885090823 
-13.148545611664547 -11.530492261324833 
-13.148545611664547 -10.742034900960562 
-13.148545611664547 -11.060488632079096 
-13.148545611664547 -10.742034900960562 
-13.148545611664547 -10.500872844143673 
-13.148545611664547 -6.81916187950835 
-2.838260505786476 -2.870411582360047 
-8.369422118553018 -9.37873005806537 
-10.509488282049288 -9.079487163212512 
-12.455398431104602 -11.753635812639041 
-13.148545611664547 -12.446782993198987 
-13.148545611664547 -13.139930173758932 
-13.148545611664547 -13.139930173758932 
-13.148545611664547 -13.139930173758932 
-13.148545611664547 -13.139930173758932 
-13.148545611664547 -13.139930173758932 
-13.148545611664547 -13.139930173758932 
-13.148545611664547 -10.36734145151915 
-13.148545611664547 -9.961876343410987 
-13.148545611664547 -10.431879972656722 
-13.148545611664547 -9.807725663583728 
-13.148545611664547 -10.004435957829783 
-13.148545611664547 -9.674194270959205 
-13.148545611664547 -9.921054348890731 
-13.148545611664547 -9.613569649142772 
-13.148545611664547 -9.88183363573745 
-13.148545611664547 -6.510566920321484 
-3.668178102475304 -2.8980793166553767 
-3.8499196748210043 -7.359186657966603 
-4.714516661509078 -6.828195364606017 
-5.892248371973866 -8.142717899994818 
-8.754096456992109 -8.53475998777084 
-9.68280970886482 -9.16963826020681 
-10.31533226760833 -8.877250296717616 
-12.049933322996438 -8.311616436456632 
-12.049933322996438 -8.191170283380764 
-12.455398431104602 -8.757903539085051 
-13.148545611664547 -10.004435957829783 
-12.049933322996438 -10.742034900960562 
-13.148545611664547 -11.194020024703619 
-13.148545611664547 -10.431879972656722 
-13.148545611664547 -10.144197900204942 
-13.148545611664547 -9.529012261114708 
-13.148545611664547 -9.772634343772458 
-13.148545611664547 -10.09540773603551 
-13.148545611664547 -9.921054348890731 
-13.148545611664547 -11.753635812639041 
-13.148545611664547 -8.586053282158392 
-2.932805332742433 -4.179334034894138 
-5.409186408975449 -9.921054348890731 
-7.039298028900181 -7.706208170204692 
-9.19730189308312 -8.618141596709892 
-9.593197550175134 -8.386339982652569 
-11.202635462609233 -9.333267683988613 
-11.762251250544656 -8.78322134706934 
-12.455398431104602 -9.58458211226952 
-12.049933322996438 -9.476368527629287 
-13.148545611664547 -9.58458211226952 
-13.148545611664547 -9.529012261114708 
-13.148545611664547 -5.596127306257423 
-13.148545611664547 -5.4954894122023665 
-13.148545611664547 -5.749131652023256 
-13.148545611664547 -5.660630535976098 
-13.148545611664547 -5.953785869236607 
-13.148545611664547 -5.768440878544655 
-13.148545611664547 -6.288745246265189 
-13.148545611664547 -6.335315653696308 
-13.148545611664547 -6.533279987560717 
-13.148545611664547 -4.0869456125589565 
-2.991540503959227 -3.009665678676173 
-5.017897643503963 -7.390537187850679 
-6.388130920581119 -7.39692698594945 
-8.573834633161164 -7.085490827489561 
-9.565026673208436 -7.267812384283516 
-11.762251250544656 -9.333267683988613 
-11.356786142436492 -11.753635812639041 
-12.455398431104602 -13.139930173758932 
-12.455398431104602 -12.446782993198987 
-13.148545611664547 -12.446782993198987 
-12.455398431104602 -9.921054348890731 
-12.455398431104602 -8.184103116157672 
-13.148545611664547 -8.156323552050596 
-13.148545611664547 -8.544810323624343 
-13.148545611664547 -8.49553927461756 
-13.148545611664547 -9.079487163212512 
-13.148545611664547 -8.640120503428667 
-13.148545611664547 -8.476491079646866 
-13.148545611664547 -8.096505056839685 
-13.148545611664547 -7.831662476357727 
-13.148545611664547 -5.41946847915921 
-2.996558700551901 -2.900577711844594 
-5.069237419612586 -12.041317885090823 
-6.55550107752211 -10.742034900960562 
-7.6391572750365695 -9.844093307754603 
-8.485106517552481 -9.556411235302821 
-9.319904215175452 -11.348170704530878 
-9.410875993381179 -11.530492261324833 
-9.970491781316602 -11.530492261324833 
-10.750650338866176 -11.753635812639041 
-10.31533226760833 -11.753635812639041 
-11.06910406998471 -11.348170704530878 
-10.845960518670502 -8.920422468582824 
-10.951321034328327 -9.476368527629287 
-11.202635462609233 -10.195491194592492 
-10.663638961876547 -10.144197900204942 
-10.845960518670502 -10.431879972656722 
-10.951321034328327 -10.942705596422712 
-12.455398431104602 -10.574980816297396 
-11.762251250544656 -10.36734145151915 
-11.762251250544656 -10.431879972656722 
-9.929669786796346 -5.744208565156887 
-2.840660186980678 -2.83388172626203 
-7.972395879090718 -13.139930173758932 
-9.890449073643065 -13.139930173758932 
-12.049933322996438 -13.139930173758932 
-12.455398431104602 -13.139930173758932 
-13.148545611664547 -13.139930173758932 
-13.148545611664547 -13.139930173758932 
-13.148545611664547 -13.139930173758932 
-13.148545611664547 -13.139930173758932 
-13.148545611664547 -13.139930173758932 
-13.148545611664547 -13.139930173758932 
-13.148545611664547 -13.139930173758932 
-13.148545611664547 -13.139930173758932 
-13.148545611664547 -13.139930173758932 
-13.148545611664547 -13.139930173758932 
-13.148545611664547 -13.139930173758932 
-13.148545611664547 -13.139930173758932 
-13.148545611664547 -13.139930173758932 
-13.148545611664547 -13.139930173758932 
-13.148545611664547 -13.139930173758932 
-13.148545611664547 -13.139930173758932 
-2.833875990691025 -2.83388172626203 
-13.148545611664547 -13.139930173758932 
-13.148545611664547 -13.139930173758932 
-13.148545611664547 -13.139930173758932 
-13.148545611664547 -13.139930173758932 
-13.148545611664547 -13.139930173758932 
-13.148545611664547 -13.139930173758932 
-13.148545611664547 -13.139930173758932 
-13.148545611664547 -13.139930173758932 
-13.148545611664547 -13.139930173758932 
-13.148545611664547 -13.139930173758932 
-13.148545611664547 -13.139930173758932 
-13.148545611664547 -13.139930173758932 
-13.148545611664547 -13.139930173758932 
-13.148545611664547 -13.139930173758932 
-13.148545611664547 -13.139930173758932 
-13.148545611664547 -13.139930173758932 
-13.148545611664547 -13.139930173758932 
-13.148545611664547 -13.139930173758932 
-13.148545611664547 -13.139930173758932 
-13.148545611664547 -13.139930173758932 
-2.833875990691025 -2.83388172626203 
-13.148545611664547 -13.139930173758932 
-13.148545611664547 -13.139930173758932 
-13.148545611664547 -13.139930173758932 
-13.148545611664547 -13.139930173758932 
-13.148545611664547 -13.139930173758932 
-13.148545611664547 -13.139930173758932 
-13.148545611664547 -13.139930173758932 
-13.148545611664547 -13.139930173758932 
-13.148545611664547 -13.139930173758932 
-13.148545611664547 -13.139930173758932 
-13.148545611664547 -13.139930173758932 
-13.148545611664547 -13.139930173758932 
-13.148545611664547 -13.139930173758932 
-13.148545611664547 -13.139930173758932 
-13.148545611664547 -13.139930173758932 
-13.148545611664547 -13.139930173758932 
-13.148545611664547 -13.139930173758932 
-13.148545611664547 -13.139930173758932 
-13.148545611664547 -13.139930173758932 
-13.148545611664547 -13.139930173758932 
-2.847725934250443 -2.875626264783522 
-7.240462673495616 -7.737252791886653 
-9.410875993381179 -7.797595921794121 
-11.356786142436492 -8.311616436456632 
-12.455398431104602 -8.685582877505425 
-13.148545611664547 -9.114578483023783 
-13.148545611664547 -8.49553927461756 
-12.455398431104602 -7.958146623466847 
-13.148545611664547 -7.792822643041464 
-13.148545611664547 -9.58458211226952 
-13.148545611664547 -11.753635812639041 
-13.148545611664547 -12.041317885090823 
-13.148545611664547 -13.139930173758932 
-13.148545611664547 -13.139930173758932 
-13.148545611664547 -13.139930173758932 
-13.148545611664547 -13.139930173758932 
-13.148545611664547 -12.446782993198987 
-13.148545611664547 -13.139930173758932 
-13.148545611664547 -13.139930173758932 
-13.148545611664547 -12.446782993198987 
-13.148545611664547 -13.139930173758932 
-2.833875990691025 -2.83388172626203 
-13.148545611664547 -13.139930173758932 
-13.148545611664547 -13.139930173758932 
-13.148545611664547 -13.139930173758932 
-13.148545611664547 -13.139930173758932 
-13.148545611664547 -13.139930173758932 
-13.148545611664547 -13.139930173758932 
-13.148545611664547 -13.139930173758932 
-13.148545611664547 -13.139930173758932 
-13.148545611664547 -13.139930173758932 
-13.148545611664547 -13.139930173758932 
-13.148545611664547 -13.139930173758932 
-13.148545611664547 -13.139930173758932 
-13.148545611664547 -13.139930173758932 
-13.148545611664547 -13.139930173758932 
-13.148545611664547 -13.139930173758932 
-13.148545611664547 -13.139930173758932 
-13.148545611664547 -13.139930173758932 
-13.148545611664547 -13.139930173758932 
-13.148545611664547 -13.139930173758932 
-13.148545611664547 -13.139930173758932 
-2.833875990691025 -2.83388172626203 
-13.148545611664547 -13.139930173758932 
-13.148545611664547 -13.139930173758932 
-13.148545611664547 -13.139930173758932 
-13.148545611664547 -13.139930173758932 
-13.148545611664547 -13.139930173758932 
-13.148545611664547 -13.139930173758932 
-13.148545611664547 -13.139930173758932 
-13.148545611664547 -13.139930173758932 
-13.148545611664547 -13.139930173758932 
-13.148545611664547 -13.139930173758932 
-13.148545611664547 -13.139930173758932 
-13.148545611664547 -13.139930173758932 
-13.148545611664547 -13.139930173758932 
-13.148545611664547 -13.139930173758932 
-13.148545611664547 -13.139930173758932 
-13.148545611664547 -13.139930173758932 
-13.148545611664547 -13.139930173758932 
-13.148545611664547 -13.139930173758932 
-13.148545611664547 -13.139930173758932 
-13.148545611664547 -13.139930173758932 
-2.833875990691025 -2.83388172626203 
-13.148545611664547 -13.139930173758932 
-13.148545611664547 -13.139930173758932 
-13.148545611664547 -13.139930173758932 
-13.148545611664547 -13.139930173758932 
-13.148545611664547 -13.139930173758932 
-13.148545611664547 -13.139930173758932 
-13.148545611664547 -13.139930173758932 
-13.148545611664547 -13.139930173758932 
-13.148545611664547 -13.139930173758932 
-13.148545611664547 -13.139930173758932 
-13.148545611664547 -13.139930173758932 
-13.148545611664547 -13.139930173758932 
-13.148545611664547 -13.139930173758932 
-13.148545611664547 -13.139930173758932 
-13.148545611664547 -13.139930173758932 
-13.148545611664547 -13.139930173758932 
-13.148545611664547 -13.139930173758932 
-13.148545611664547 -13.139930173758932 
-13.148545611664547 -13.139930173758932 
-13.148545611664547 -13.139930173758932 
-13.148545611664547 -13.139930173758932 
-3.406930139054964 -3.2786718554405407 
-4.09415754146225 -5.723551694566004 
-4.963474134132264 -7.6551332402682775 
-6.619126773402321 -7.039611221738868 
-7.697507158098847 -6.90944872618045 
-8.831057498128237 -7.866930615195185 
-10.31533226760833 -8.021936361342178 
-10.951321034328327 -8.369245549293268 
-11.762251250544656 -8.662593359280725 
-12.455398431104602 -8.662593359280725 
-13.148545611664547 -7.4261973682495634 
-13.148545611664547 -7.40335787627974 
-12.455398431104602 -7.693192802092622 
-13.148545611664547 -7.693192802092622 
-13.148545611664547 -7.914183500045731 
-13.148545611664547 -7.723829771554512 
-13.148545611664547 -7.519529308041783 
-13.148545611664547 -7.237296840357566 
-13.148545611664547 -7.116482580797899 
-12.455398431104602 -4.684186944658917 
