model_type multinomial
class_count 2
labels -1.0 1.0
pi -0.01142869582362227 -4.477336814478206
features_count 139
theta
-4.213376619528385 -5.1298987149230735 
-4.018476280527571 -4.436751534363128 
-8.582824471995407 -5.1298987149230735 
-3.4237691727808777 -4.436751534363128 
-8.582824471995407 -5.1298987149230735 
-8.582824471995407 -5.1298987149230735 
-4.9192628258657605 -5.1298987149230735 
-3.6701695862593544 -4.436751534363128 
-8.582824471995407 -5.1298987149230735 
-3.5523865506029715 -4.436751534363128 
-5.491782018637091 -5.1298987149230735 
-8.582824471995407 -5.1298987149230735 
-4.265336358459097 -5.1298987149230735 
-3.977654286007315 -4.436751534363128 
-8.582824471995407 -5.1298987149230735 
-3.4411609154927465 -4.436751534363128 
-7.196530110875516 -5.1298987149230735 
-8.582824471995407 -5.1298987149230735 
-4.018476280527571 -4.436751534363128 
-4.213376619528385 -5.1298987149230735 
-8.582824471995407 -5.1298987149230735 
-3.4237691727808777 -4.436751534363128 
-8.582824471995407 -5.1298987149230735 
-8.582824471995407 -5.1298987149230735 
-3.4411609154927465 -4.436751534363128 
-7.196530110875516 -5.1298987149230735 
-8.582824471995407 -5.1298987149230735 
-3.4237691727808777 -4.436751534363128 
-8.582824471995407 -5.1298987149230735 
-8.582824471995407 -5.1298987149230735 
-3.6701695862593544 -4.436751534363128 
-4.9192628258657605 -5.1298987149230735 
-8.582824471995407 -5.1298987149230735 
-3.4237691727808777 -4.436751534363128 
-8.582824471995407 -5.1298987149230735 
-8.582824471995407 -5.1298987149230735 
-3.4237691727808777 -4.436751534363128 
-8.582824471995407 -5.1298987149230735 
-8.582824471995407 -5.1298987149230735 
-3.4237691727808777 -4.436751534363128 
-8.582824471995407 -5.1298987149230735 
-8.582824471995407 -5.1298987149230735 
-4.213376619528385 -5.1298987149230735 
-4.018476280527571 -4.436751534363128 
-8.582824471995407 -5.1298987149230735 
-3.4237691727808777 -4.436751534363128 
-8.582824471995407 -5.1298987149230735 
-8.582824471995407 -5.1298987149230735 
-3.4411609154927465 -4.436751534363128 
-7.196530110875516 -5.1298987149230735 
-8.582824471995407 -5.1298987149230735 
-3.4237691727808777 -4.436751534363128 
-8.582824471995407 -5.1298987149230735 
-8.582824471995407 -5.1298987149230735 
-4.439689745603874 -5.1298987149230735 
-3.9384335728540343 -4.436751534363128 
-6.385599894659187 -5.1298987149230735 
-8.582824471995407 -5.1298987149230735 
-8.582824471995407 -5.1298987149230735 
-3.4237691727808777 -4.436751534363128 
-7.889677291435461 -5.1298987149230735 
-6.184929199197036 -5.1298987149230735 
-4.3633167668193 -4.436751534363128 
-4.116916353340823 -5.1298987149230735 
-7.889677291435461 -5.1298987149230735 
-6.385599894659187 -5.1298987149230735 
-7.889677291435461 -5.1298987149230735 
-8.582824471995407 -5.1298987149230735 
-7.196530110875516 -5.1298987149230735 
-6.636914322940093 -5.1298987149230735 
-6.791065002767352 -5.1298987149230735 
-5.447330256066257 -5.1298987149230735 
-4.292365030847016 -4.436751534363128 
-4.40843720209977 -5.1298987149230735 
-6.170079174347326 -5.1298987149230735 
-5.4047706416474615 -5.1298987149230735 
-4.575491286762936 -5.1298987149230735 
-4.5397732041608565 -4.436751534363128 
-5.363948647127206 -5.1298987149230735 
-8.582824471995407 -5.1298987149230735 
-8.582824471995407 -5.1298987149230735 
-8.582824471995407 -5.1298987149230735 
-5.749611127939191 -5.1298987149230735 
-7.889677291435461 -5.1298987149230735 
-6.791065002767352 -5.1298987149230735 
-7.484212183327297 -5.1298987149230735 
-6.097917822207407 -5.1298987149230735 
-4.40843720209977 -4.436751534363128 
-4.378131852604441 -5.1298987149230735 
-5.6383854928289665 -5.1298987149230735 
-6.636914322940093 -5.1298987149230735 
-4.9192628258657605 -5.1298987149230735 
-5.324727933973925 -5.1298987149230735 
-4.971906559351183 -4.436751534363128 
-8.582824471995407 -5.1298987149230735 
-8.582824471995407 -5.1298987149230735 
-8.582824471995407 -5.1298987149230735 
-8.582824471995407 -5.1298987149230735 
-4.265336358459097 -5.1298987149230735 
-4.845154853712039 -5.1298987149230735 
-4.69100417388478 -4.436751534363128 
-4.999305533539297 -5.1298987149230735 
-8.582824471995407 -5.1298987149230735 
-8.582824471995407 -5.1298987149230735 
-8.582824471995407 -5.1298987149230735 
-8.582824471995407 -5.1298987149230735 
-4.67080146656726 -5.1298987149230735 
-5.11708856919568 -5.1298987149230735 
-4.471950607822095 -5.1298987149230735 
-4.5397732041608565 -4.436751534363128 
-7.196530110875516 -5.1298987149230735 
-8.582824471995407 -5.1298987149230735 
-8.582824471995407 -5.1298987149230735 
-8.582824471995407 -5.1298987149230735 
-5.4047706416474615 -5.1298987149230735 
-8.582824471995407 -5.1298987149230735 
-8.582824471995407 -5.1298987149230735 
-6.097917822207407 -5.1298987149230735 
-5.363948647127206 -5.1298987149230735 
-7.196530110875516 -5.1298987149230735 
-8.582824471995407 -5.1298987149230735 
-8.582824471995407 -5.1298987149230735 
-3.6701695862593544 -4.436751534363128 
-7.889677291435461 -5.1298987149230735 
-7.484212183327297 -5.1298987149230735 
-7.196530110875516 -5.1298987149230735 
-8.582824471995407 -5.1298987149230735 
-8.582824471995407 -5.1298987149230735 
-8.582824471995407 -5.1298987149230735 
-8.582824471995407 -5.1298987149230735 
-3.458860492592148 -4.436751534363128 
-8.582824471995407 -5.1298987149230735 
-7.484212183327297 -5.1298987149230735 
-6.973386559561306 -5.1298987149230735 
-6.280239379001361 -5.1298987149230735 
-6.503382930315571 -5.1298987149230735 
-8.582824471995407 -5.1298987149230735 
-8.582824471995407 -5.1298987149230735 
-3.5589439511491303 -4.436751534363128 
