model_type multinomial
class_count 2
labels 0 1
pi -0.7777045685880086 -0.6151856390902339
lamda 1.0
features_count 692
theta : 
-13.982341079177456 -13.34114382420613
-13.982341079177456 -13.34114382420613
-13.982341079177456 -13.34114382420613
-13.982341079177456 -13.34114382420613
-13.982341079177456 -13.34114382420613
-13.982341079177456 -13.34114382420613
-13.982341079177456 -13.34114382420613
-13.982341079177456 -13.34114382420613
-13.982341079177456 -13.34114382420613
-13.982341079177456 -13.34114382420613
-13.982341079177456 -13.34114382420613
-13.982341079177456 -13.34114382420613
-13.982341079177456 -13.34114382420613
-13.982341079177456 -13.34114382420613
-13.982341079177456 -13.34114382420613
-13.982341079177456 -13.34114382420613
-13.982341079177456 -13.34114382420613
-13.982341079177456 -13.34114382420613
-13.982341079177456 -13.34114382420613
-13.982341079177456 -13.34114382420613
-13.982341079177456 -13.34114382420613
-13.982341079177456 -13.34114382420613
-13.982341079177456 -13.34114382420613
-13.982341079177456 -13.34114382420613
-13.982341079177456 -13.34114382420613
-13.982341079177456 -13.34114382420613
-13.982341079177456 -13.34114382420613
-13.982341079177456 -13.34114382420613
-13.982341079177456 -13.34114382420613
-13.982341079177456 -13.34114382420613
-13.982341079177456 -13.34114382420613
-13.982341079177456 -13.34114382420613
-13.982341079177456 -13.34114382420613
-13.982341079177456 -13.34114382420613
-13.982341079177456 -13.34114382420613
-13.982341079177456 -13.34114382420613
-13.982341079177456 -13.34114382420613
-13.982341079177456 -13.34114382420613
-13.982341079177456 -13.34114382420613
-13.982341079177456 -13.34114382420613
-13.982341079177456 -13.34114382420613
-13.982341079177456 -13.34114382420613
-13.982341079177456 -13.34114382420613
-13.982341079177456 -13.34114382420613
-13.982341079177456 -13.34114382420613
-13.982341079177456 -13.34114382420613
-13.982341079177456 -13.34114382420613
-13.982341079177456 -13.34114382420613
-13.982341079177456 -13.34114382420613
-13.982341079177456 -13.34114382420613
-13.982341079177456 -13.34114382420613
-13.982341079177456 -13.34114382420613
-13.982341079177456 -13.34114382420613
-13.982341079177456 -13.34114382420613
-13.982341079177456 -13.34114382420613
-13.982341079177456 -13.34114382420613
-13.982341079177456 -13.34114382420613
-13.982341079177456 -13.34114382420613
-13.982341079177456 -13.34114382420613
-13.982341079177456 -13.34114382420613
-13.982341079177456 -13.34114382420613
-13.982341079177456 -13.34114382420613
-13.982341079177456 -13.34114382420613
-13.982341079177456 -13.34114382420613
-13.982341079177456 -13.34114382420613
-13.982341079177456 -13.34114382420613
-13.982341079177456 -13.34114382420613
-13.982341079177456 -13.34114382420613
-13.982341079177456 -13.34114382420613
-13.982341079177456 -13.34114382420613
-13.982341079177456 -13.34114382420613
-13.982341079177456 -13.34114382420613
-13.982341079177456 -13.34114382420613
-13.982341079177456 -13.34114382420613
-13.982341079177456 -13.34114382420613
-13.982341079177456 -13.34114382420613
-13.982341079177456 -13.34114382420613
-13.982341079177456 -13.34114382420613
-13.982341079177456 -13.34114382420613
-13.982341079177456 -13.34114382420613
-13.982341079177456 -13.34114382420613
-13.982341079177456 -13.34114382420613
-13.982341079177456 -13.34114382420613
-13.982341079177456 -13.34114382420613
-13.982341079177456 -13.34114382420613
-13.982341079177456 -13.34114382420613
-13.982341079177456 -13.34114382420613
-13.982341079177456 -13.34114382420613
-13.982341079177456 -13.34114382420613
-13.982341079177456 -13.34114382420613
-13.982341079177456 -13.34114382420613
-13.982341079177456 -13.34114382420613
-13.982341079177456 -13.34114382420613
-13.982341079177456 -13.34114382420613
-13.982341079177456 -13.34114382420613
-13.982341079177456 -13.34114382420613
-13.982341079177456 -13.34114382420613
-13.982341079177456 -9.166756554310492
-13.982341079177456 -8.083648452178348
-13.982341079177456 -9.078463947164813
-13.982341079177456 -13.34114382420613
-13.982341079177456 -13.34114382420613
-13.982341079177456 -13.34114382420613
-13.982341079177456 -13.34114382420613
-13.982341079177456 -13.34114382420613
-13.982341079177456 -13.34114382420613
-13.982341079177456 -13.34114382420613
-13.982341079177456 -13.34114382420613
-13.982341079177456 -13.34114382420613
-13.982341079177456 -13.34114382420613
-13.982341079177456 -13.34114382420613
-13.982341079177456 -13.34114382420613
-13.982341079177456 -13.34114382420613
-13.982341079177456 -13.34114382420613
-13.982341079177456 -13.34114382420613
-13.982341079177456 -13.34114382420613
-13.982341079177456 -13.34114382420613
-13.982341079177456 -13.34114382420613
-13.982341079177456 -13.34114382420613
-13.982341079177456 -8.886796527952622
-13.982341079177456 -7.803809557187593
-9.823457995817783 -8.450794695984376
-8.485172853884254 -11.038558731212085
-7.744016454137948 -7.724372726539558
-6.673798281638265 -6.251066988430038
-6.2980170114963006 -5.886423874842129
-6.102671164573167 -5.632733156948762
-5.911434990389637 -5.6782059737445945
-5.8689144392338015 -5.786285303165454
-5.960428300191747 -5.735253823153008
-6.222300398297076 -5.809055680664407
-7.098878492764364 -6.141465478514958
-8.62104891346803 -7.342207262259447
-10.650136569002251 -13.34114382420613
-13.982341079177456 -13.34114382420613
-13.982341079177456 -13.34114382420613
-13.982341079177456 -13.34114382420613
-13.982341079177456 -13.34114382420613
-13.982341079177456 -13.34114382420613
-13.982341079177456 -13.34114382420613
-13.982341079177456 -13.34114382420613
-13.982341079177456 -13.34114382420613
-13.982341079177456 -13.34114382420613
-13.982341079177456 -13.34114382420613
-13.982341079177456 -13.34114382420613
-13.982341079177456 -13.34114382420613
-13.982341079177456 -8.922303216409532
-13.982341079177456 -7.852206098049443
-9.7056749601614 -7.811714736694706
-8.135902304119732 -7.811714736694706
-7.020097614911249 -8.05794009546814
-6.245161001342826 -7.1365860616374395
-5.937394029559734 -5.79840027883758
-5.613647896079662 -5.425430624824014
-5.317935508080831 -5.38012235832276
-5.216258620028592 -5.241285913468545
-5.25229712593244 -5.1701096350006495
-5.353248795263809 -5.174643505051078
-5.5304333544598485 -5.345500219918859
-5.847873508899893 -5.559170589771745
-6.682543712419295 -6.719738172441995
-7.816923224946035 -8.241277396381932
-9.678275985973286 -13.34114382420613
-9.527993782923948 -13.34114382420613
-11.274290878075245 -13.34114382420613
-13.982341079177456 -13.34114382420613
-13.982341079177456 -13.34114382420613
-13.982341079177456 -13.34114382420613
-13.982341079177456 -13.34114382420613
-13.982341079177456 -13.34114382420613
-13.982341079177456 -13.34114382420613
-13.982341079177456 -13.34114382420613
-13.982341079177456 -13.34114382420613
-13.982341079177456 -13.34114382420613
-13.982341079177456 -8.170659829167978
-8.823285779962927 -7.811714736694706
-7.650839229283765 -7.811714736694706
-6.7395431563837 -7.811714736694706
-6.026214727963955 -7.575952721421285
-5.844360624725317 -6.578414317274251
-5.545273932240503 -5.8252547389910045
-5.298617016873587 -5.42033414491753
-5.170688831030413 -5.137292452022251
-5.107473443489402 -5.022401571513731
-5.136851842424182 -4.943860929462449
-5.2383310910807115 -5.066786817449838
-5.29980295517438 -5.1900988785211055
-5.508890810709136 -5.54057116953548
-5.943183688704218 -6.666582432391704
-6.869198970470368 -7.5854016106192175
-8.044804874095028 -11.14391924686991
-8.456888140045672 -13.34114382420613
-8.99190849239872 -13.34114382420613
-13.982341079177456 -13.34114382420613
-13.982341079177456 -13.34114382420613
-13.982341079177456 -13.34114382420613
-13.982341079177456 -13.34114382420613
-13.982341079177456 -13.34114382420613
-13.982341079177456 -13.34114382420613
-13.982341079177456 -13.34114382420613
-13.982341079177456 -13.34114382420613
-13.982341079177456 -13.34114382420613
-9.099539156591085 -10.702086494590871
-7.4901012441569845 -8.018133845067721
-6.676481046493446 -7.811714736694706
-6.187929873450854 -7.5573186418763925
-5.85907976005571 -7.150828418352982
-5.583931423751185 -6.500597294917442
-5.337106537880334 -5.711653907812135
-5.147712857160089 -5.3721320430996515
-5.211126016802073 -5.011003363959748
-5.272381073105725 -4.856060686708126
-5.190551054858092 -4.824750952960661
-5.140892835078597 -5.050349476824774
-5.237056596723075 -5.1743595351499785
-5.247459187129973 -5.582383280048467
-5.520449203546308 -6.693455450642801
-6.239071378348451 -7.446740989941279
-7.715140530636093 -9.107037319608871
-8.387629699575616 -13.34114382420613
-8.456888140045672 -13.34114382420613
-13.982341079177456 -13.34114382420613
-13.982341079177456 -13.34114382420613
-13.982341079177456 -13.34114382420613
-13.982341079177456 -13.34114382420613
-13.982341079177456 -13.34114382420613
-13.982341079177456 -13.34114382420613
-13.982341079177456 -13.34114382420613
-13.982341079177456 -13.34114382420613
-10.80428724882951 -13.34114382420613
-7.804396965126855 -13.34114382420613
-6.903156684567787 -9.652264370092194
-6.27617810897788 -7.811714736694706
-6.062621318252881 -7.268099290105725
-5.651718458844588 -7.110662376627648
-5.338515236827853 -6.55217208121396
-5.243605617813982 -5.670248992844012
-5.250520496215348 -5.307161089522909
-5.392083316904213 -4.8344050906937515
-5.587541535975285 -4.651511075850388
-5.5409496011775 -4.788390457391342
-5.330092656768354 -5.017292692867313
-5.317935508080831 -5.262145565520976
-5.19879160202419 -5.902172231810268
-5.3182808119516665 -7.093100949697701
-5.798106305082635 -8.078453635301244
-6.79015902046421 -8.72602330736487
-8.01363351919209 -13.34114382420613
-8.456888140045672 -13.34114382420613
-13.982341079177456 -13.34114382420613
-13.982341079177456 -13.34114382420613
-13.982341079177456 -13.34114382420613
-13.982341079177456 -13.34114382420613
-13.982341079177456 -13.34114382420613
-13.982341079177456 -13.34114382420613
-13.982341079177456 -13.34114382420613
-13.982341079177456 -13.34114382420613
-8.714482920114127 -13.34114382420613
-7.127986576922434 -13.34114382420613
-6.595870230347561 -10.568555101966348
-6.105323183555058 -8.291287816956594
-5.784802339456272 -7.256644411130958
-5.478233127309874 -6.7522173466726105
-5.220321125615866 -6.55781862360217
-5.3553970238021 -5.698619689973228
-5.427081686954763 -5.2958761075983265
-5.628608436914254 -4.68837133854807
-5.987371556479578 -4.5719475527951285
-6.011255325671849 -4.74624912512604
-5.7919866754141935 -5.0973354005408495
-5.627196339715617 -5.405198720852429
-5.320528198151274 -6.342634181955528
-5.209420986550988 -8.205345387155868
-5.519815289103526 -11.395233675150816
-6.040334270687599 -13.34114382420613
-7.316657361395047 -13.34114382420613
-8.437163634697892 -13.34114382420613
-13.982341079177456 -13.34114382420613
-13.982341079177456 -13.34114382420613
-13.982341079177456 -13.34114382420613
-13.982341079177456 -13.34114382420613
-13.982341079177456 -13.34114382420613
-13.982341079177456 -13.34114382420613
-13.982341079177456 -13.34114382420613
-13.982341079177456 -13.34114382420613
-8.201597563385127 -13.34114382420613
-6.779679882654218 -13.34114382420613
-6.2609924665595065 -12.24253153553802
-5.938356647955903 -8.259739459221667
-5.524897892166992 -7.312865303975432
-5.3820943326259325 -7.051428253297132
-5.4326806976237165 -6.8519388928808125
-5.48209060849153 -5.841720533613901
-5.591618551815166 -5.13428739580648
-5.9545382308071435 -4.472026958276647
-6.499096663103606 -4.454734657356848
-6.626699976203202 -4.76984130714286
-6.279333396698219 -5.212263682080492
-6.038913311301083 -5.946650716987092
-5.564084635621242 -6.884374168633967
-5.265150145954321 -11.954849463086239
-5.406124547311757 -13.34114382420613
-5.761399910896067 -13.34114382420613
-6.496849471146701 -13.34114382420613
-8.058085281762924 -13.34114382420613
-13.982341079177456 -13.34114382420613
-13.982341079177456 -13.34114382420613
-13.982341079177456 -13.34114382420613
-13.982341079177456 -13.34114382420613
-13.982341079177456 -13.34114382420613
-13.982341079177456 -13.34114382420613
-13.982341079177456 -13.34114382420613
-13.982341079177456 -13.34114382420613
-7.25251700868798 -13.34114382420613
-6.3100486235487 -11.395233675150816
-5.979981532924748 -8.364410081785556
-5.736169519319892 -7.799880279047704
-5.4410408124179845 -7.799880279047704
-5.4677512736313325 -7.385306454741299
-5.562540233769868 -7.422249969932984
-5.668243743771649 -6.04473055543221
-6.01229177420132 -4.886038825103315
-6.520126139409267 -4.321842899643624
-6.991164192056246 -4.411046595584729
-7.256107676818709 -4.898243237371748
-6.759775060355285 -5.3825669203922315
-6.2893153307595675 -6.4284010037129535
-5.865028617575481 -8.473609373750548
-5.435977510461438 -13.34114382420613
-5.453219316895945 -13.34114382420613
-5.586637785348929 -13.34114382420613
-6.0499789248377045 -13.34114382420613
-7.223085808513763 -13.34114382420613
-13.982341079177456 -13.34114382420613
-13.982341079177456 -13.34114382420613
-13.982341079177456 -13.34114382420613
-13.982341079177456 -13.34114382420613
-13.982341079177456 -13.34114382420613
-13.982341079177456 -13.34114382420613
-13.982341079177456 -13.34114382420613
-13.982341079177456 -13.34114382420613
-6.809149336690857 -11.395233675150816
-6.063712425835216 -8.378299193946223
-5.858190475870826 -7.799880279047704
-5.557263176669023 -8.14818697331592
-5.308657091001786 -8.776795632738294
-5.525110228933901 -8.604945375811635
-5.745655756464998 -7.500502166832732
-5.935791721894377 -5.89397546460609
-6.495727766037501 -4.719050222964523
-7.441311079987552 -4.240841557438884
-7.814824588289114 -4.379777763578678
-7.823245690685523 -4.959083306781389
-6.989325956244495 -5.655900216230297
-6.441188624041147 -7.305662391681373
-6.178906022225288 -13.34114382420613
-5.565410309699612 -13.34114382420613
-5.508264178834846 -13.34114382420613
-5.535141259581753 -13.34114382420613
-5.844945249120805 -13.34114382420613
-6.729578661124268 -13.34114382420613
-13.982341079177456 -13.34114382420613
-13.982341079177456 -13.34114382420613
-13.982341079177456 -13.34114382420613
-13.982341079177456 -13.34114382420613
-13.982341079177456 -13.34114382420613
-13.982341079177456 -13.34114382420613
-13.982341079177456 -13.34114382420613
-13.982341079177456 -13.34114382420613
-6.691366301034474 -9.166756554310492
-5.923064855871807 -7.799880279047704
-5.678836280304672 -8.159360273914045
-5.433843037932805 -10.63309362310392
-5.342045690627234 -13.34114382420613
-5.6689791280430555 -11.549384354978075
-5.968666936344771 -8.330508530109874
-6.25833642250139 -5.869780736019033
-7.448552241244112 -4.4352926429981085
-8.312460156196936 -4.182096746617498
-8.365569981510884 -4.36665237604171
-9.055087394020251 -5.079875673628482
-7.654404295448261 -6.13699453217019
-6.4862437340015 -8.570459199740466
-6.238204451549465 -13.34114382420613
-5.61573824639372 -13.34114382420613
-5.478841214893221 -13.34114382420613
-5.491697222994755 -13.34114382420613
-5.829279132376405 -13.34114382420613
-6.501912773103248 -13.34114382420613
-13.982341079177456 -13.34114382420613
-13.982341079177456 -13.34114382420613
-13.982341079177456 -13.34114382420613
-13.982341079177456 -13.34114382420613
-13.982341079177456 -13.34114382420613
-13.982341079177456 -13.34114382420613
-13.982341079177456 -13.34114382420613
-13.982341079177456 -13.34114382420613
-6.507568896779586 -8.649795941976986
-5.763284418116857 -8.756176345535557
-5.5304333544598485 -10.568555101966348
-5.3355241199677135 -13.34114382420613
-5.480464591873112 -13.34114382420613
-5.918963256810429 -13.34114382420613
-6.232587672903018 -8.776795632738294
-7.298980133411181 -5.511513435055937
-9.337950180036083 -4.316892095593145
-9.691881638029065 -4.178314434900999
-9.7056749601614 -4.407084101957286
-11.584445806379085 -5.415624844419204
-7.886516516745231 -6.531001374090994
-6.6585105129751385 -13.34114382420613
-6.157895148299836 -13.34114382420613
-5.6538900123580955 -13.34114382420613
-5.532142756585497 -13.34114382420613
-5.5943458262328996 -13.34114382420613
-5.801740131583006 -13.34114382420613
-6.434312109242441 -13.34114382420613
-13.982341079177456 -13.34114382420613
-13.982341079177456 -13.34114382420613
-13.982341079177456 -13.34114382420613
-13.982341079177456 -13.34114382420613
-13.982341079177456 -13.34114382420613
-13.982341079177456 -13.34114382420613
-13.982341079177456 -13.34114382420613
-12.190581609949401 -13.34114382420613
-6.270792099548309 -13.34114382420613
-5.613647896079662 -11.261702282526294
-5.393385521534327 -9.31579213347098
-5.255211163934289 -13.34114382420613
-5.5594585672324595 -13.34114382420613
-6.020273770423789 -11.954849463086239
-7.08868472457482 -7.317696231245097
-9.7056749601614 -5.011003363959748
-13.982341079177456 -4.2629643558322865
-13.982341079177456 -4.180939521723744
-13.982341079177456 -4.629206555997381
-13.982341079177456 -5.922362941455336
-8.03692047057088 -7.339728946244979
-6.669120692087154 -9.050684383057739
-6.078744789563155 -13.34114382420613
-5.592072581334884 -13.34114382420613
-5.606941893379105 -13.34114382420613
-5.637835995586935 -13.34114382420613
-5.786179939894554 -13.34114382420613
-6.585392476556442 -13.34114382420613
-13.982341079177456 -13.34114382420613
-13.982341079177456 -13.34114382420613
-13.982341079177456 -13.34114382420613
-13.982341079177456 -13.34114382420613
-13.982341079177456 -13.34114382420613
-13.982341079177456 -13.34114382420613
-13.982341079177456 -13.34114382420613
-10.763465254309255 -13.34114382420613
-6.045323589662002 -10.568555101966348
-5.5291532177371305 -10.122267999337929
-5.282159886424102 -10.163089993858184
-5.260249776788358 -13.34114382420613
-5.6326202417049664 -13.34114382420613
-6.244724796319551 -7.90742182065189
-7.552621601138318 -5.841167283254008
-10.15369968268836 -4.813802301738077
-13.982341079177456 -4.2765231065793525
-13.982341079177456 -4.228526540758562
-13.982341079177456 -4.865606308058725
-13.982341079177456 -6.284968540105719
-8.180222703800393 -7.750156843695273
-6.504171385017671 -7.9384664423338505
-5.897470450039265 -8.465946501004979
-5.574739564391313 -10.776194466744593
-5.515809802563446 -13.34114382420613
-5.809329767452484 -13.34114382420613
-5.930044579638809 -13.34114382420613
-6.74312610539765 -13.34114382420613
-13.982341079177456 -13.34114382420613
-13.982341079177456 -13.34114382420613
-13.982341079177456 -13.34114382420613
-13.982341079177456 -13.34114382420613
-13.982341079177456 -13.34114382420613
-13.982341079177456 -13.34114382420613
-13.982341079177456 -13.34114382420613
-9.505004264699249 -13.34114382420613
-6.021668470789338 -9.28070081365971
-5.511191826262625 -8.910327025362816
-5.248585947812563 -13.34114382420613
-5.286667030353202 -13.34114382420613
-5.600509525691894 -10.163089993858184
-6.459940847790331 -6.409672018606677
-7.707579057935517 -5.329125585047068
-8.913436876957224 -4.722116326908624
-11.497434429389456 -4.284071188633165
-10.516605176377729 -4.366525785751017
-9.471481572660606 -5.074208476595674
-8.174198589197012 -6.387459613335593
-7.181058044705836 -7.776623416883436
-6.137708434712775 -7.296138510170118
-5.643318073432697 -7.268099290105725
-5.436171779524701 -8.350711237427394
-5.581457010161602 -13.34114382420613
-5.936432336906677 -13.34114382420613
-6.06334859101221 -13.34114382420613
-6.976552059923953 -13.34114382420613
-13.982341079177456 -13.34114382420613
-13.982341079177456 -13.34114382420613
-13.982341079177456 -13.34114382420613
-13.982341079177456 -13.34114382420613
-13.982341079177456 -13.34114382420613
-13.982341079177456 -13.34114382420613
-13.982341079177456 -13.34114382420613
-9.397373600506883 -13.34114382420613
-6.283404879364008 -13.34114382420613
-5.562981248109981 -13.34114382420613
-5.183282700631002 -13.34114382420613
-5.2038611266689685 -13.34114382420613
-5.587993717760064 -7.717126318018791
-6.556983192150304 -5.895726267504442
-7.846776188095717 -5.11296692825481
-8.425513017477918 -4.651006237808534
-8.625754804505444 -4.302659959176138
-8.118709903579358 -4.517495875014827
-7.7342982046690265 -5.212853652599078
-7.0210450332672885 -6.357353858947995
-6.100403589905386 -7.329876649801968
-5.685295930095629 -7.040358029542886
-5.487189018638098 -7.126535725783938
-5.540302561361978 -8.063029164975614
-5.850810368573203 -13.34114382420613
-6.043895528012667 -13.34114382420613
-6.39199413357489 -13.34114382420613
-7.485566088991593 -13.34114382420613
-13.982341079177456 -13.34114382420613
-13.982341079177456 -13.34114382420613
-13.982341079177456 -13.34114382420613
-13.982341079177456 -13.34114382420613
-13.982341079177456 -13.34114382420613
-13.982341079177456 -13.34114382420613
-13.982341079177456 -13.34114382420613
-9.397373600506883 -13.34114382420613
-6.661814116904716 -13.34114382420613
-5.6842994178058905 -13.34114382420613
-5.213144807766454 -13.34114382420613
-5.092757087382482 -8.094119752045643
-5.3553970238021 -6.491017658060629
-5.961741929280485 -5.445707817263164
-6.655875465337133 -4.997352092209288
-7.096831409142638 -4.669514279485474
-7.081610415132283 -4.468937068177826
-6.896439614811845 -4.660811895412712
-6.568973743482215 -5.3559998930075094
-6.0883959409414965 -6.125168821554664
-5.660676272042455 -6.81318590658358
-5.498084388007483 -6.972956637855638
-5.4859630274751385 -6.969531976974273
-5.738007031321361 -7.644050337700725
-5.930044579638809 -13.34114382420613
-6.24559739672396 -13.34114382420613
-6.7539526276038515 -13.34114382420613
-8.445006812158919 -13.34114382420613
-13.982341079177456 -13.34114382420613
-13.982341079177456 -13.34114382420613
-13.982341079177456 -13.34114382420613
-13.982341079177456 -13.34114382420613
-13.982341079177456 -13.34114382420613
-13.982341079177456 -13.34114382420613
-13.982341079177456 -13.34114382420613
-9.563500471380857 -13.34114382420613
-7.351657693535084 -13.34114382420613
-6.043895528012667 -13.34114382420613
-5.408578536273325 -8.776795632738294
-5.11731189248969 -6.993754614550119
-5.1332575606451165 -5.949112256691539
-5.376038712689443 -5.3172638314712515
-5.669469684834841 -4.855441299881264
-5.796433597695131 -4.70563440597185
-5.752030280042435 -4.633164997583808
-5.794207664666978 -4.823750652787226
-5.655098471719663 -5.414541225024745
-5.548094808582144 -5.944195221585116
-5.411607120833189 -6.53986078973451
-5.444169481376026 -6.764674255157906
-5.70239036345493 -7.566592278661721
-5.853460937051818 -7.788184239284512
-6.154701532811034 -8.343931550442015
-6.501912773103248 -13.34114382420613
-7.56724412000586 -13.34114382420613
-13.982341079177456 -13.34114382420613
-13.982341079177456 -13.34114382420613
-13.982341079177456 -13.34114382420613
-13.982341079177456 -13.34114382420613
-13.982341079177456 -13.34114382420613
-13.982341079177456 -13.34114382420613
-13.982341079177456 -13.34114382420613
-13.982341079177456 -13.34114382420613
-9.678275985973286 -13.34114382420613
-8.258755977225075 -13.34114382420613
-6.7752222229697 -8.413890139048924
-5.647149495744253 -7.408898636758119
-5.230550186401892 -6.479432483725399
-5.115336443843889 -5.568812249036516
-5.105238181312556 -5.151344205477901
-5.223457399160431 -4.824951133123475
-5.279166370135776 -4.821753049246405
-5.32538594538606 -4.751443942003144
-5.308828133506264 -5.007633115223188
-5.27089776010199 -5.307161089522909
-5.240405615083311 -5.8085202054173415
-5.331666496386736 -6.387459613335593
-5.543109429230929 -6.962717640554543
-5.887047302332807 -7.746432444604291
-6.123700423556665 -7.811714736694706
-6.459940847790331 -8.1820885249916
-7.216149364517105 -13.34114382420613
-9.748234574580195 -13.34114382420613
-13.982341079177456 -13.34114382420613
-13.982341079177456 -13.34114382420613
-13.982341079177456 -8.392383933827961
-13.982341079177456 -13.34114382420613
-13.982341079177456 -13.34114382420613
-13.982341079177456 -13.34114382420613
-13.982341079177456 -13.34114382420613
-13.982341079177456 -13.34114382420613
-9.839206352785922 -13.34114382420613
-8.514280938042324 -13.34114382420613
-7.882022127157391 -8.187852229708351
-6.520700686968881 -7.182048435714197
-5.623440466755811 -6.04202236149533
-5.250036508144273 -5.315300480055226
-5.08233747021786 -5.030728830017837
-5.087533707808831 -4.835416110899171
-5.127533446561229 -4.913000449623404
-5.122835594658323 -4.895661480343893
-5.1426297004739805 -5.062969533262391
-5.198944846986562 -5.478646626975585
-5.321567159283694 -6.069440117318762
-5.582580984653314 -6.488901255154252
-5.899321160006126 -6.710460438563758
-6.161901563915275 -6.9211488960589875
-6.546313262825607 -7.811714736694706
-7.360935427413321 -8.1820885249916
-8.858377099774197 -13.34114382420613
-13.982341079177456 -13.34114382420613
-13.982341079177456 -13.34114382420613
-13.982341079177456 -13.34114382420613
-13.982341079177456 -13.34114382420613
-13.982341079177456 -13.34114382420613
-13.982341079177456 -13.34114382420613
-13.982341079177456 -13.34114382420613
-13.982341079177456 -13.34114382420613
-13.982341079177456 -13.34114382420613
-13.982341079177456 -13.34114382420613
-9.551524280334142 -13.34114382420613
-8.913436876957224 -10.776194466744593
-7.900122168801009 -7.761413998219908
-6.847450227611572 -6.334448597369089
-5.883090517380495 -5.44013677221371
-5.465147887761217 -5.173224461248314
-5.279166370135776 -5.069851171226718
-5.236101790794395 -5.313993717373355
-5.322780646474296 -5.45543843296311
-5.37640467792683 -5.525533292170939
-5.6534070372219265 -6.087673441521602
-6.035369721483865 -6.884374168633967
-6.259663562709452 -6.9746733764746915
-6.576845415977983 -6.919521556399612
-6.960364656105296 -7.408898636758119
-7.866448953694421 -7.811714736694706
-9.407630100674073 -8.1820885249916
-11.584445806379085 -13.34114382420613
-13.982341079177456 -13.34114382420613
-13.982341079177456 -13.34114382420613
-13.982341079177456 -13.34114382420613
-13.982341079177456 -13.34114382420613
-13.982341079177456 -13.34114382420613
-13.982341079177456 -13.34114382420613
-13.982341079177456 -13.34114382420613
-13.982341079177456 -13.34114382420613
-13.982341079177456 -13.34114382420613
-13.982341079177456 -13.34114382420613
-13.982341079177456 -13.34114382420613
-10.34475491945107 -13.34114382420613
-8.452911991666031 -13.34114382420613
-8.398844770395756 -13.34114382420613
-7.973527893734861 -6.702576035039609
-7.645515348031014 -6.236999731218603
-6.988408103954266 -6.503811009520539
-6.725338372085383 -7.179936502511053
-6.687963779888634 -13.34114382420613
-6.6845727966460755 -8.473609373750548
-6.991164192056246 -8.063029164975614
-7.372991836010075 -13.34114382420613
-7.535035216636243 -13.34114382420613
-8.07970774577609 -13.34114382420613
-9.28186071338504 -13.34114382420613