model_type multinomial
class_count 2
labels 0.0 1.0
pi -0.6939170421902432 -0.6923779111606692
features_count 357
-13.138291843151908 -13.13982994490296 
-13.138291843151908 -3.5753879371071715 
-13.138291843151908 -4.062107097541617 
-13.138291843151908 -4.796514063498014 
-13.138291843151908 -5.96128446113926 
-13.138291843151908 -6.706889852163781 
-13.138291843151908 -7.436047470246759 
-13.138291843151908 -7.919474119824636 
-13.138291843151908 -8.662493130424753 
-13.138291843151908 -9.062292500997241 
-13.138291843151908 -9.961776114555015 
-5.526449443571491 -9.961776114555015 
-5.596078379958505 -10.43177974380075 
-5.733404267535783 -10.74193467210459 
-5.890499261384062 -10.65492329511496 
-5.943854992051573 -10.574880587441424 
-5.93712095987023 -11.060388403223124 
-6.01946559408983 -12.446682764343015 
-5.927473389679688 -12.041217656234851 
-6.138869375643947 -11.53039203246886 
-3.4236671954531577 -9.502243785176574 
-2.96035944494602 -3.2219957986599113 
-7.342234092386536 -4.228839450246241 
-7.156877631897427 -5.799643109582845 
-7.87043368408858 -7.094824630866948 
-8.756265208478027 -8.287799680983344 
-8.707475044308595 -8.920322239726854 
-7.653494909661253 -9.920954120034759 
-7.3005613959859685 -10.65492329511496 
-7.086202674227491 -11.193919795847647 
-8.963904573256272 -13.13982994490296 
-9.641784281685428 -11.53039203246886 
-9.704304638666763 -12.446682764343015 
-9.672555940352181 -12.446682764343015 
-9.449412389037972 -13.13982994490296 
-9.4247197764476 -12.446682764343015 
-9.377091727458346 -13.13982994490296 
-9.554772904695799 -13.13982994490296 
-9.112940152416758 -13.13982994490296 
-8.847832402003517 -13.13982994490296 
-8.948637101125483 -13.13982994490296 
-6.271358558690026 -11.193919795847647 
-2.8658994378194187 -2.8651927146737872 
-12.039679554483799 -6.768218097671103 
-12.039679554483799 -8.554862466232388 
-13.138291843151908 -9.502243785176574 
-11.751997482032017 -8.476390850790892 
-11.528853930717808 -9.208004312178634 
-10.49923451353665 -10.14409767134897 
-10.365703120912126 -10.048787491544644 
-10.305078499095693 -11.193919795847647 
-10.047249389793592 -12.041217656234851 
-10.653385193363908 -13.13982994490296 
-9.672555940352181 -13.13982994490296 
-9.011157458106815 -13.13982994490296 
-9.582943781662495 -13.13982994490296 
-9.672555940352181 -13.13982994490296 
-9.4247197764476 -13.13982994490296 
-9.043947280929807 -13.13982994490296 
-8.71945123535531 -13.13982994490296 
-9.267090832244017 -12.446682764343015 
-9.527373930507684 -13.13982994490296 
-7.065247309051503 -13.13982994490296 
-2.8573957802901404 -2.8677487590345727 
-10.305078499095693 -6.395770758591612 
-11.751997482032017 -8.733110697638708 
-12.039679554483799 -9.09677867706841 
-13.138291843151908 -11.53039203246886 
-13.138291843151908 -11.53039203246886 
-13.138291843151908 -13.13982994490296 
-13.138291843151908 -12.446682764343015 
-13.138291843151908 -13.13982994490296 
-13.138291843151908 -13.13982994490296 
-13.138291843151908 -13.13982994490296 
-11.751997482032017 -12.041217656234851 
-11.751997482032017 -13.13982994490296 
-12.445144662591963 -13.13982994490296 
-12.039679554483799 -13.13982994490296 
-11.346532373923853 -13.13982994490296 
-10.835706750157861 -13.13982994490296 
-10.835706750157861 -13.13982994490296 
-10.430241642049698 -13.13982994490296 
-10.653385193363908 -13.13982994490296 
-6.71342281924652 -13.13982994490296 
-2.8715162614068017 -2.8383719660209277 
-9.527373930507684 -8.36070645179143 
-9.112940152416758 -10.43177974380075 
-11.528853930717808 -12.041217656234851 
-12.445144662591963 -13.13982994490296 
-13.138291843151908 -13.13982994490296 
-13.138291843151908 -13.13982994490296 
-13.138291843151908 -13.13982994490296 
-13.138291843151908 -13.13982994490296 
-13.138291843151908 -13.13982994490296 
-13.138291843151908 -13.13982994490296 
-10.247920085255743 -13.13982994490296 
-10.193852863985468 -13.13982994490296 
-10.247920085255743 -13.13982994490296 
-10.093769405428485 -13.13982994490296 
-9.704304638666763 -13.13982994490296 
-9.527373930507684 -13.13982994490296 
-9.806087332976704 -13.13982994490296 
-9.500705683425522 -13.13982994490296 
-10.193852863985468 -13.13982994490296 
-6.468793753294029 -13.13982994490296 
-2.8942688912601966 -3.66305667351417 
-7.3513944617852 -3.8546604323061278 
-6.919691723460179 -4.724448019633407 
-8.225636957415855 -5.881417794307653 
-8.672383724497324 -8.640020274572695 
-9.206466210427582 -9.64332238343648 
-8.948637101125483 -10.367241222663178 
-8.342501297555167 -11.348070475674906 
-8.286261579232292 -12.041217656234851 
-8.948637101125483 -11.75353558378307 
-10.047249389793592 -13.13982994490296 
-10.49923451353665 -13.13982994490296 
-11.058850301472072 -12.446682764343015 
-10.653385193363908 -13.13982994490296 
-10.047249389793592 -13.13982994490296 
-9.554772904695799 -13.13982994490296 
-9.641784281685428 -13.13982994490296 
-10.093769405428485 -13.13982994490296 
-10.247920085255743 -13.13982994490296 
-10.653385193363908 -13.13982994490296 
-8.649655473419768 -13.13982994490296 
-4.173596287836448 -2.933796338266509 
-10.002797627222758 -5.401341822408314 
-7.886018415105278 -7.015146554008755 
-8.743842688479468 -9.188586226321533 
-8.342501297555167 -9.705842740417815 
-9.4247197764476 -10.94260536756674 
-8.781583016462317 -11.75353558378307 
-9.672555940352181 -12.446682764343015 
-9.500705683425522 -12.446682764343015 
-9.611931318535746 -13.13982994490296 
-9.500705683425522 -13.13982994490296 
-5.576130211926256 -13.13982994490296 
-5.513184694913008 -13.13982994490296 
-5.764917533241859 -13.13982994490296 
-5.6737820085153805 -13.13982994490296 
-5.944606024756796 -13.13982994490296 
-5.719510960401114 -13.13982994490296 
-6.267200548541362 -13.13982994490296 
-6.324847243641012 -13.13982994490296 
-6.528942599984528 -13.13982994490296 
-4.095187390551638 -13.13982994490296 
-3.0067926079047105 -2.9946519037660444 
-7.431181578403033 -5.003311692787669 
-7.510670729461271 -6.349732709389055 
-7.083852496882537 -8.62897043838611 
-7.3005613959859685 -9.674094042103233 
-9.354102209233647 -11.53039203246886 
-11.346532373923853 -11.193919795847647 
-13.138291843151908 -11.75353558378307 
-11.528853930717808 -12.446682764343015 
-12.445144662591963 -13.13982994490296 
-10.047249389793592 -12.041217656234851 
-8.121012006336983 -13.13982994490296 
-8.203817910021217 -13.13982994490296 
-8.393359714788659 -13.13982994490296 
-8.605692349998652 -13.13982994490296 
-9.027417978978598 -13.13982994490296 
-8.649655473419768 -13.13982994490296 
-8.437811477359492 -13.13982994490296 
-8.101339240738278 -13.13982994490296 
-7.917936018073584 -13.13982994490296 
-5.425400881661778 -12.446682764343015 
-2.897832178952916 -2.9962630643464205 
-12.039679554483799 -5.075822597806299 
-11.058850301472072 -6.515764717103067 
-9.737094461489752 -7.755334882113871 
-9.672555940352181 -8.534659758914868 
-12.039679554483799 -9.045485382680859 
-11.528853930717808 -9.613469420286798 
-12.445144662591963 -10.00433572897381 
-12.445144662591963 -10.43177974380075 
-11.751997482032017 -10.048787491544644 
-11.528853930717808 -10.74193467210459 
-8.933599223760943 -11.060388403223124 
-9.500705683425522 -11.193919795847647 
-10.365703120912126 -11.060388403223124 
-10.573342485690372 -10.837244851908913 
-10.193852863985468 -10.74193467210459 
-11.346532373923853 -11.348070475674906 
-10.740396570353537 -12.041217656234851 
-10.305078499095693 -13.13982994490296 
-10.49923451353665 -11.53039203246886 
-5.776281291892174 -9.738632563240804 
-2.833882822557488 -2.8402880940128554 
-13.138291843151908 -8.015865965499701 
-13.138291843151908 -10.048787491544644 
-13.138291843151908 -11.75353558378307 
-13.138291843151908 -13.13982994490296 
-13.138291843151908 -13.13982994490296 
-13.138291843151908 -13.13982994490296 
-13.138291843151908 -13.13982994490296 
-13.138291843151908 -13.13982994490296 
-13.138291843151908 -13.13982994490296 
-13.138291843151908 -13.13982994490296 
-13.138291843151908 -13.13982994490296 
-13.138291843151908 -13.13982994490296 
-13.138291843151908 -13.13982994490296 
-13.138291843151908 -13.13982994490296 
-13.138291843151908 -13.13982994490296 
-13.138291843151908 -13.13982994490296 
-13.138291843151908 -13.13982994490296 
-13.138291843151908 -13.13982994490296 
-13.138291843151908 -13.13982994490296 
-13.138291843151908 -13.13982994490296 
-2.833882822557488 -2.833881793278966 
-13.138291843151908 -13.13982994490296 
-13.138291843151908 -13.13982994490296 
-13.138291843151908 -13.13982994490296 
-13.138291843151908 -13.13982994490296 
-13.138291843151908 -13.13982994490296 
-13.138291843151908 -13.13982994490296 
-13.138291843151908 -13.13982994490296 
-13.138291843151908 -13.13982994490296 
-13.138291843151908 -13.13982994490296 
-13.138291843151908 -13.13982994490296 
-13.138291843151908 -13.13982994490296 
-13.138291843151908 -13.13982994490296 
-13.138291843151908 -13.13982994490296 
-13.138291843151908 -13.13982994490296 
-13.138291843151908 -13.13982994490296 
-13.138291843151908 -13.13982994490296 
-13.138291843151908 -13.13982994490296 
-13.138291843151908 -13.13982994490296 
-13.138291843151908 -13.13982994490296 
-13.138291843151908 -13.13982994490296 
-2.833882822557488 -2.833881793278966 
-13.138291843151908 -13.13982994490296 
-13.138291843151908 -13.13982994490296 
-13.138291843151908 -13.13982994490296 
-13.138291843151908 -13.13982994490296 
-13.138291843151908 -13.13982994490296 
-13.138291843151908 -13.13982994490296 
-13.138291843151908 -13.13982994490296 
-13.138291843151908 -13.13982994490296 
-13.138291843151908 -13.13982994490296 
-13.138291843151908 -13.13982994490296 
-13.138291843151908 -13.13982994490296 
-13.138291843151908 -13.13982994490296 
-13.138291843151908 -13.13982994490296 
-13.138291843151908 -13.13982994490296 
-13.138291843151908 -13.13982994490296 
-13.138291843151908 -13.13982994490296 
-13.138291843151908 -13.13982994490296 
-13.138291843151908 -13.13982994490296 
-13.138291843151908 -13.13982994490296 
-13.138291843151908 -13.13982994490296 
-2.876360911281086 -2.8475827128303717 
-7.682970727794206 -7.223627882295525 
-7.956508292859823 -9.584481883413547 
-8.23301706471348 -12.041217656234851 
-8.695640586661591 -12.446682764343015 
-8.807558502865577 -13.13982994490296 
-8.605692349998652 -13.13982994490296 
-7.928805690310487 -13.13982994490296 
-7.753796780362819 -13.13982994490296 
-9.331629353381588 -13.13982994490296 
-12.039679554483799 -13.13982994490296 
-12.445144662591963 -13.13982994490296 
-13.138291843151908 -13.13982994490296 
-13.138291843151908 -13.13982994490296 
-13.138291843151908 -13.13982994490296 
-12.445144662591963 -13.13982994490296 
-13.138291843151908 -13.13982994490296 
-13.138291843151908 -13.13982994490296 
-13.138291843151908 -13.13982994490296 
-13.138291843151908 -13.13982994490296 
-13.138291843151908 -13.13982994490296 
-2.833882822557488 -2.833881793278966 
-13.138291843151908 -13.13982994490296 
-13.138291843151908 -13.13982994490296 
-13.138291843151908 -13.13982994490296 
-13.138291843151908 -13.13982994490296 
-13.138291843151908 -13.13982994490296 
-13.138291843151908 -13.13982994490296 
-13.138291843151908 -13.13982994490296 
-13.138291843151908 -13.13982994490296 
-13.138291843151908 -13.13982994490296 
-13.138291843151908 -13.13982994490296 
-13.138291843151908 -13.13982994490296 
-13.138291843151908 -13.13982994490296 
-13.138291843151908 -13.13982994490296 
-13.138291843151908 -13.13982994490296 
-13.138291843151908 -13.13982994490296 
-13.138291843151908 -13.13982994490296 
-13.138291843151908 -13.13982994490296 
-13.138291843151908 -13.13982994490296 
-13.138291843151908 -13.13982994490296 
-13.138291843151908 -13.13982994490296 
-2.833882822557488 -2.833881793278966 
-13.138291843151908 -13.13982994490296 
-13.138291843151908 -13.13982994490296 
-13.138291843151908 -13.13982994490296 
-13.138291843151908 -13.13982994490296 
-13.138291843151908 -13.13982994490296 
-13.138291843151908 -13.13982994490296 
-13.138291843151908 -13.13982994490296 
-13.138291843151908 -13.13982994490296 
-13.138291843151908 -13.13982994490296 
-13.138291843151908 -13.13982994490296 
-13.138291843151908 -13.13982994490296 
-13.138291843151908 -13.13982994490296 
-13.138291843151908 -13.13982994490296 
-13.138291843151908 -13.13982994490296 
-13.138291843151908 -13.13982994490296 
-13.138291843151908 -13.13982994490296 
-13.138291843151908 -13.13982994490296 
-13.138291843151908 -13.13982994490296 
-13.138291843151908 -13.13982994490296 
-13.138291843151908 -13.13982994490296 
-2.833882822557488 -2.833881793278966 
-13.138291843151908 -13.13982994490296 
-13.138291843151908 -13.13982994490296 
-13.138291843151908 -13.13982994490296 
-13.138291843151908 -13.13982994490296 
-13.138291843151908 -13.13982994490296 
-13.138291843151908 -13.13982994490296 
-13.138291843151908 -13.13982994490296 
-13.138291843151908 -13.13982994490296 
-13.138291843151908 -13.13982994490296 
-13.138291843151908 -13.13982994490296 
-13.138291843151908 -13.13982994490296 
-13.138291843151908 -13.13982994490296 
-13.138291843151908 -13.13982994490296 
-13.138291843151908 -13.13982994490296 
-13.138291843151908 -13.13982994490296 
-13.138291843151908 -13.13982994490296 
-13.138291843151908 -13.13982994490296 
-13.138291843151908 -13.13982994490296 
-13.138291843151908 -13.13982994490296 
-13.138291843151908 -13.13982994490296 
-13.138291843151908 -13.13982994490296 
-3.279121971266905 -3.413258584502236 
-5.698732534018588 -4.097789888358477 
-7.758394489611448 -4.934338331782724 
-7.098037131874494 -6.61333508533217 
-6.966591245740993 -7.59075386000774 
-8.101339240738278 -8.770382092435938 
-8.175447212892001 -10.74193467210459 
-8.270757392696325 -10.94260536756674 
-8.584414951551366 -12.041217656234851 
-8.584414951551366 -11.75353558378307 
-7.408192060178334 -12.446682764343015 
-7.471865155039476 -13.13982994490296 
-7.608862755640485 -12.446682764343015 
-7.758394489611448 -13.13982994490296 
-7.8550881144139195 -13.13982994490296 
-7.678706329007749 -13.13982994490296 
-7.451316486812088 -13.13982994490296 
-7.2494138848190275 -13.13982994490296 
-7.1368769651907575 -13.13982994490296 
-4.670919346719627 -12.041217656234851 
