model_type multinomial
class_count 2
labels -1.0 1.0
pi -0.01142869582362227 -4.477336814478206
features_count 139
theta(0) 
-4.213376619528385
-4.018476280527571
-8.582824471995407
-3.4237691727808777
-8.582824471995407
-8.582824471995407
-4.9192628258657605
-3.6701695862593544
-8.582824471995407
-3.5523865506029715
-5.491782018637091
-8.582824471995407
-4.265336358459097
-3.977654286007315
-8.582824471995407
-3.4411609154927465
-7.196530110875516
-8.582824471995407
-4.018476280527571
-4.213376619528385
-8.582824471995407
-3.4237691727808777
-8.582824471995407
-8.582824471995407
-3.4411609154927465
-7.196530110875516
-8.582824471995407
-3.4237691727808777
-8.582824471995407
-8.582824471995407
-3.6701695862593544
-4.9192628258657605
-8.582824471995407
-3.4237691727808777
-8.582824471995407
-8.582824471995407
-3.4237691727808777
-8.582824471995407
-8.582824471995407
-3.4237691727808777
-8.582824471995407
-8.582824471995407
-4.213376619528385
-4.018476280527571
-8.582824471995407
-3.4237691727808777
-8.582824471995407
-8.582824471995407
-3.4411609154927465
-7.196530110875516
-8.582824471995407
-3.4237691727808777
-8.582824471995407
-8.582824471995407
-4.439689745603874
-3.9384335728540343
-6.385599894659187
-8.582824471995407
-8.582824471995407
-3.4237691727808777
-7.889677291435461
-6.184929199197036
-4.3633167668193
-4.116916353340823
-7.889677291435461
-6.385599894659187
-7.889677291435461
-8.582824471995407
-7.196530110875516
-6.636914322940093
-6.791065002767352
-5.447330256066257
-4.292365030847016
-4.40843720209977
-6.170079174347326
-5.4047706416474615
-4.575491286762936
-4.5397732041608565
-5.363948647127206
-8.582824471995407
-8.582824471995407
-8.582824471995407
-5.749611127939191
-7.889677291435461
-6.791065002767352
-7.484212183327297
-6.097917822207407
-4.40843720209977
-4.378131852604441
-5.6383854928289665
-6.636914322940093
-4.9192628258657605
-5.324727933973925
-4.971906559351183
-8.582824471995407
-8.582824471995407
-8.582824471995407
-8.582824471995407
-4.265336358459097
-4.845154853712039
-4.69100417388478
-4.999305533539297
-8.582824471995407
-8.582824471995407
-8.582824471995407
-8.582824471995407
-4.67080146656726
-5.11708856919568
-4.471950607822095
-4.5397732041608565
-7.196530110875516
-8.582824471995407
-8.582824471995407
-8.582824471995407
-5.4047706416474615
-8.582824471995407
-8.582824471995407
-6.097917822207407
-5.363948647127206
-7.196530110875516
-8.582824471995407
-8.582824471995407
-3.6701695862593544
-7.889677291435461
-7.484212183327297
-7.196530110875516
-8.582824471995407
-8.582824471995407
-8.582824471995407
-8.582824471995407
-3.458860492592148
-8.582824471995407
-7.484212183327297
-6.973386559561306
-6.280239379001361
-6.503382930315571
-8.582824471995407
-8.582824471995407
-3.5589439511491303
theta(1) 
-5.1298987149230735
-4.436751534363128
-5.1298987149230735
-4.436751534363128
-5.1298987149230735
-5.1298987149230735
-5.1298987149230735
-4.436751534363128
-5.1298987149230735
-4.436751534363128
-5.1298987149230735
-5.1298987149230735
-5.1298987149230735
-4.436751534363128
-5.1298987149230735
-4.436751534363128
-5.1298987149230735
-5.1298987149230735
-4.436751534363128
-5.1298987149230735
-5.1298987149230735
-4.436751534363128
-5.1298987149230735
-5.1298987149230735
-4.436751534363128
-5.1298987149230735
-5.1298987149230735
-4.436751534363128
-5.1298987149230735
-5.1298987149230735
-4.436751534363128
-5.1298987149230735
-5.1298987149230735
-4.436751534363128
-5.1298987149230735
-5.1298987149230735
-4.436751534363128
-5.1298987149230735
-5.1298987149230735
-4.436751534363128
-5.1298987149230735
-5.1298987149230735
-5.1298987149230735
-4.436751534363128
-5.1298987149230735
-4.436751534363128
-5.1298987149230735
-5.1298987149230735
-4.436751534363128
-5.1298987149230735
-5.1298987149230735
-4.436751534363128
-5.1298987149230735
-5.1298987149230735
-5.1298987149230735
-4.436751534363128
-5.1298987149230735
-5.1298987149230735
-5.1298987149230735
-4.436751534363128
-5.1298987149230735
-5.1298987149230735
-4.436751534363128
-5.1298987149230735
-5.1298987149230735
-5.1298987149230735
-5.1298987149230735
-5.1298987149230735
-5.1298987149230735
-5.1298987149230735
-5.1298987149230735
-5.1298987149230735
-4.436751534363128
-5.1298987149230735
-5.1298987149230735
-5.1298987149230735
-5.1298987149230735
-4.436751534363128
-5.1298987149230735
-5.1298987149230735
-5.1298987149230735
-5.1298987149230735
-5.1298987149230735
-5.1298987149230735
-5.1298987149230735
-5.1298987149230735
-5.1298987149230735
-4.436751534363128
-5.1298987149230735
-5.1298987149230735
-5.1298987149230735
-5.1298987149230735
-5.1298987149230735
-4.436751534363128
-5.1298987149230735
-5.1298987149230735
-5.1298987149230735
-5.1298987149230735
-5.1298987149230735
-5.1298987149230735
-4.436751534363128
-5.1298987149230735
-5.1298987149230735
-5.1298987149230735
-5.1298987149230735
-5.1298987149230735
-5.1298987149230735
-5.1298987149230735
-5.1298987149230735
-4.436751534363128
-5.1298987149230735
-5.1298987149230735
-5.1298987149230735
-5.1298987149230735
-5.1298987149230735
-5.1298987149230735
-5.1298987149230735
-5.1298987149230735
-5.1298987149230735
-5.1298987149230735
-5.1298987149230735
-5.1298987149230735
-4.436751534363128
-5.1298987149230735
-5.1298987149230735
-5.1298987149230735
-5.1298987149230735
-5.1298987149230735
-5.1298987149230735
-5.1298987149230735
-4.436751534363128
-5.1298987149230735
-5.1298987149230735
-5.1298987149230735
-5.1298987149230735
-5.1298987149230735
-5.1298987149230735
-5.1298987149230735
-4.436751534363128
